background(100, 200, 255);
stroke(255, 255, 0);
strokeWeight(15);
line(200, 60, 200, 357);
line(210, 60, 190, 357);
line(220, 60, 180, 357);
line(190, 60, 210, 357);
line(60, 200, 357, 200);
line(60, 190, 357, 210);
line(60, 180, 357, 220);
line(61, 63, 340, 340);
line(81, 63, 350, 340);
line(333, 56, 63, 334);
line(353, 56, 43, 334);
line(373, 56, 23, 334);
noStroke();
fill(255, 255, 0);
ellipse(200, 200, 100, 100);
fill(255);
ellipse(50, 100, 70, 70);
ellipse(90, 90, 90, 90);
ellipse(130, 70, 110, 110);
ellipse(170, 100, 70, 70);
ellipse(210, 90, 90, 90);