background(130, 0, 0);
fill(0, 80, 80);
quad(190, 75, 190, 375, 45, 285, 45, 5);
fill(90, 90, 90);
quad(190, 75, 190, 375, 45, 285, 45, 15);
fill(0, 0, 255);
quad(190, 75, 190, 375, 45, 285, 45, 20);
fill(0, 255, 0);
quad(190, 75, 190, 375, 45, 285, 45, 25);
fill(0, 0, 0);
textSize(25);
rotate(15);
text("Hatch Book", 75, 100);
fill(255, 255, 255);
rect(85, 120, 130, 20);
fill(0, 0, 255);
ellipse(175, 220, 100, 100);
fill(70, 70, 70);
rotate(-15);
quad(200, 75, 200, 375, 355, 285, 355, 5);
rect(190, 75, 10, 300);