background(0, 0, 0);
fill(200, 255, 200);
rect(117, 59, 170, 269, 164);
fill(190, 0, 190);
arc(247, 89, 50, 50, -90, 0);
fill(0, 190, 0);
rect(192, 59, 30, 30);
fill(0, 0, 190);
arc(222, 89, 63, 60, -90, 0);
fill(230, 230, 0);
arc(195, 89, 70, 60, -180, -90);
fill(200, 0, 0);
arc(165, 89, 63, 50, -180, -90);
fill(0, 0, 0);
ellipse(159, 147, 36, 23);
ellipse(249, 147, 36, 23);
fill(190, 0, 0);
ellipse(203, 200, 26, 30);
fill(190, 0, 0);
rect(117, 260, 170, 4);
fill(0, 0, 0);
arc(204, 270, 59, 23, 360, 543);
arc(204, 293, 24, 6, 360, 543);
arc(159, 166, 23, 6, 360, 543);
arc(247, 166, 23, 6, 360, 543);
noStroke();
fill(226, 203, 242);
triangle(174, 249, 171, 177, 149, 177);
triangle(232, 251, 255, 177, 232, 178);
triangle(169, 126, 170, 92, 147, 126);
triangle(235, 126, 237, 91, 256, 126);