background(100, 200, 200);
fill(180, 140, 80);
rect(0, 300, 400, 100);
fill(10, 190, 40);
rect(0, 280, 400, 20);
fill(150, 140, 80);
rect(200, 150, 40, 150);
triangle(197, 300, 160, 343, 209, 300);
triangle(206, 301, 228, 349, 226, 300);
triangle(225, 301, 271, 349, 242, 301);
fill(10, 190, 40);
ellipse(130, 90, 100, 100);
ellipse(330, 90, 100, 100);
ellipse(200, 60, 100, 100);
ellipse(270, 60, 100, 100);
ellipse(270, 120, 100, 100);
ellipse(200, 120, 100, 100);
fill(255, 255, 0);
ellipse(40, 50, 70, 70);
fill(250, 140, 0);
ellipse(200, 150, 20, 20);
ellipse(270, 140, 20, 20);
ellipse(230, 130, 20, 20);
ellipse(120, 130, 20, 20);
ellipse(120, 60, 20, 20);
ellipse(220, 60, 20, 20);
ellipse(340, 120, 20, 20);
ellipse(300, 50, 20, 20);
fill();
textSize(30);
text("Family Tree", 20, 340);